(20062, 38201, 74433, 75220, 108492, 89062, 54345, 101617, 75360, 70927)
(38201, 74433, 75220, 108492, 89062, 54345, 101617, 75360, 70927, 103024)
(74433, 75220, 108492, 89062, 54345, 101617, 75360, 70927, 103024, 78173)
(75220, 108492, 89062, 54345, 101617, 75360, 70927, 103024, 78173, 75555)
(108492, 89062, 54345, 101617, 75360, 70927, 103024, 78173, 75555, 67276)
(89062, 54345, 101617, 75360, 70927, 103024, 78173, 75555, 67276, 97793)
(54345, 101617, 75360, 70927, 103024, 78173, 75555, 67276, 97793, 115839)
(101617, 75360, 70927, 103024, 78173, 75555, 67276, 97793, 115839, 103799)
(75360, 70927, 103024, 78173, 75555, 67276, 97793, 115839, 103799, 110370)
(70927, 103024, 78173, 75555, 67276, 97793, 115839, 103799, 110370, 91781)
(103024, 78173, 75555, 67276, 97793, 115839, 103799, 110370, 91781, 102787)
(78173, 75555, 67276, 97793, 115839, 103799, 110370, 91781, 102787, 121689)
(75555, 67276, 97793, 115839, 103799, 110370, 91781, 102787, 121689, 115403)
(67276, 97793, 115839, 103799, 110370, 91781, 102787, 121689, 115403, 123322)
(97793, 115839, 103799, 110370, 91781, 102787, 121689, 115403, 123322, 109506)
(115839, 103799, 110370, 91781, 102787, 121689, 115403, 123322, 109506, 111617)
(103799, 110370, 91781, 102787, 121689, 115403, 123322, 109506, 111617, 95330)
(110370, 91781, 102787, 121689, 115403, 123322, 109506, 111617, 95330, 66882)
(91781, 102787, 121689, 115403, 123322, 109506, 111617, 95330, 66882, 80595)
(102787, 121689, 115403, 123322, 109506, 111617, 95330, 66882, 80595, 94712)
(121689, 115403, 123322, 109506, 111617, 95330, 66882, 80595, 94712, 65645)
(115403, 123322, 109506, 111617, 95330, 66882, 80595, 94712, 65645, 46403)
(123322, 109506, 111617, 95330, 66882, 80595, 94712, 65645, 46403, 67340)
(109506, 111617, 95330, 66882, 80595, 94712, 65645, 46403, 67340, 97921)
(111617, 95330, 66882, 80595, 94712, 65645, 46403, 67340, 97921, 116095)
(95330, 66882, 80595, 94712, 65645, 46403, 67340, 97921, 116095, 104311)
(66882, 80595, 94712, 65645, 46403, 67340, 97921, 116095, 104311, 110370)
(80595, 94712, 65645, 46403, 67340, 97921, 116095, 104311, 110370, 91781)
(94712, 65645, 46403, 67340, 97921, 116095, 104311, 110370, 91781, 102787)
(65645, 46403, 67340, 97921, 116095, 104311, 110370, 91781, 102787, 121689)
(46403, 67340, 97921, 116095, 104311, 110370, 91781, 102787, 121689, 115403)
(67340, 97921, 116095, 104311, 110370, 91781, 102787, 121689, 115403, 123368)
(97921, 116095, 104311, 110370, 91781, 102787, 121689, 115403, 123368, 109572)
(116095, 104311, 110370, 91781, 102787, 121689, 115403, 123368, 109572, 111654)
(104311, 110370, 91781, 102787, 121689, 115403, 123368, 109572, 111654, 95429)
(110370, 91781, 102787, 121689, 115403, 123368, 109572, 111654, 95429, 67037)
(91781, 102787, 121689, 115403, 123368, 109572, 111654, 95429, 67037, 80909)
(102787, 121689, 115403, 123368, 109572, 111654, 95429, 67037, 80909, 95332)
(121689, 115403, 123368, 109572, 111654, 95429, 67037, 80909, 95332, 66885)
(115403, 123368, 109572, 111654, 95429, 67037, 80909, 95332, 66885, 48856)
(123368, 109572, 111654, 95429, 67037, 80909, 95332, 66885, 48856, 72135)
(109572, 111654, 95429, 67037, 80909, 95332, 66885, 48856, 72135, 60427)
(111654, 95429, 67037, 80909, 95332, 66885, 48856, 72135, 60427, 67721)
(95429, 67037, 80909, 95332, 66885, 48856, 72135, 60427, 67721, 104760)
(67037, 80909, 95332, 66885, 48856, 72135, 60427, 67721, 104760, 85741)
(80909, 95332, 66885, 48856, 72135, 60427, 67721, 104760, 85741, 86605)
(95332, 66885, 48856, 72135, 60427, 67721, 104760, 85741, 86605, 88256)
(66885, 48856, 72135, 60427, 67721, 104760, 85741, 86605, 88256, 100861)
(48856, 72135, 60427, 67721, 104760, 85741, 86605, 88256, 100861, 73837)
(72135, 60427, 67721, 104760, 85741, 86605, 88256, 100861, 73837, 67840)
(60427, 67721, 104760, 85741, 86605, 88256, 100861, 73837, 67840, 112253)
(67721, 104760, 85741, 86605, 88256, 100861, 73837, 67840, 112253, 96585)
(104760, 85741, 86605, 88256, 100861, 73837, 67840, 112253, 96585, 75492)
(85741, 86605, 88256, 100861, 73837, 67840, 112253, 96585, 75492, 112197)
(86605, 88256, 100861, 73837, 67840, 112253, 96585, 75492, 112197, 96499)
(88256, 100861, 73837, 67840, 112253, 96585, 75492, 112197, 96499, 75372)
(100861, 73837, 67840, 112253, 96585, 75492, 112197, 96499, 75372, 111937)
(73837, 67840, 112253, 96585, 75492, 112197, 96499, 75372, 111937, 95999)
(67840, 112253, 96585, 75492, 112197, 96499, 75372, 111937, 95999, 74359)
(112253, 96585, 75492, 112197, 96499, 75372, 111937, 95999, 74359, 109842)
(96585, 75492, 112197, 96499, 75372, 111937, 95999, 74359, 109842, 91762)
(75492, 112197, 96499, 75372, 111937, 95999, 74359, 109842, 91762, 102753)
(112197, 96499, 75372, 111937, 95999, 74359, 109842, 91762, 102753, 121645)
(96499, 75372, 111937, 95999, 74359, 109842, 91762, 102753, 121645, 115416)
(75372, 111937, 95999, 74359, 109842, 91762, 102753, 121645, 115416, 123423)
(111937, 95999, 74359, 109842, 91762, 102753, 121645, 115416, 123423, 109755)
(95999, 74359, 109842, 91762, 102753, 121645, 115416, 123423, 109755, 112097)
(74359, 109842, 91762, 102753, 121645, 115416, 123423, 109755, 112097, 96320)
(109842, 91762, 102753, 121645, 115416, 123423, 109755, 112097, 96320, 68847)
(91762, 102753, 121645, 115416, 123423, 109755, 112097, 96320, 68847, 100955)
(102753, 121645, 115416, 123423, 109755, 112097, 96320, 68847, 100955, 122145)
(121645, 115416, 123423, 109755, 112097, 96320, 68847, 100955, 122145, 116416)
(115416, 123423, 109755, 112097, 96320, 68847, 100955, 122145, 116416, 123343)
(123423, 109755, 112097, 96320, 68847, 100955, 122145, 116416, 123343, 117744)
(109755, 112097, 96320, 68847, 100955, 122145, 116416, 123343, 117744, 121949)
(112097, 96320, 68847, 100955, 122145, 116416, 123343, 117744, 121949, 116003)
(96320, 68847, 100955, 122145, 116416, 123343, 117744, 121949, 116003, 122572)
(68847, 100955, 122145, 116416, 123343, 117744, 121949, 116003, 122572, 116225)
(100955, 122145, 116416, 123343, 117744, 121949, 116003, 122572, 116225, 118911)
(122145, 116416, 123343, 117744, 121949, 116003, 122572, 116225, 118911, 109943)
(116416, 123343, 117744, 121949, 116003, 122572, 116225, 118911, 109943, 110401)
(123343, 117744, 121949, 116003, 122572, 116225, 118911, 109943, 110401, 91814)
(117744, 121949, 116003, 122572, 116225, 118911, 109943, 110401, 91814, 102810)
(121949, 116003, 122572, 116225, 118911, 109943, 110401, 91814, 102810, 121777)
(116003, 122572, 116225, 118911, 109943, 110401, 91814, 102810, 121777, 115662)
(122572, 116225, 118911, 109943, 110401, 91814, 102810, 121777, 115662, 123930)
(116225, 118911, 109943, 110401, 91814, 102810, 121777, 115662, 123930, 110723)
(118911, 109943, 110401, 91814, 102810, 121777, 115662, 123930, 110723, 114008)
(109943, 110401, 91814, 102810, 121777, 115662, 123930, 110723, 114008, 100141)
(110401, 91814, 102810, 121777, 115662, 123930, 110723, 114008, 100141, 76483)
(91814, 102810, 121777, 115662, 123930, 110723, 114008, 100141, 76483, 68099)
(102810, 121777, 115662, 123930, 110723, 114008, 100141, 76483, 68099, 99439)
(121777, 115662, 123930, 110723, 114008, 100141, 76483, 68099, 99439, 119140)
(115662, 123930, 110723, 114008, 100141, 76483, 68099, 99439, 119140, 110385)
(123930, 110723, 114008, 100141, 76483, 68099, 99439, 119140, 110385, 110303)
(110723, 114008, 100141, 76483, 68099, 99439, 119140, 110385, 110303, 91703)
(114008, 100141, 76483, 68099, 99439, 119140, 110385, 110303, 91703, 102593)
(100141, 76483, 68099, 99439, 119140, 110385, 110303, 91703, 102593, 121254)
(76483, 68099, 99439, 119140, 110385, 110303, 91703, 102593, 121254, 114586)
(68099, 99439, 119140, 110385, 110303, 91703, 102593, 121254, 114586, 121777)
(99439, 119140, 110385, 110303, 91703, 102593, 121254, 114586, 121777, 115662)
(119140, 110385, 110303, 91703, 102593, 121254, 114586, 121777, 115662, 123930)
(110385, 110303, 91703, 102593, 121254, 114586, 121777, 115662, 123930, 110723)
(110303, 91703, 102593, 121254, 114586, 121777, 115662, 123930, 110723, 114008)
(91703, 102593, 121254, 114586, 121777, 115662, 123930, 110723, 114008, 100141)
(102593, 121254, 114586, 121777, 115662, 123930, 110723, 114008, 100141, 76483)
(121254, 114586, 121777, 115662, 123930, 110723, 114008, 100141, 76483, 68099)
(114586, 121777, 115662, 123930, 110723, 114008, 100141, 76483, 68099, 99439)
(121777, 115662, 123930, 110723, 114008, 100141, 76483, 68099, 99439, 119140)
(115662, 123930, 110723, 114008, 100141, 76483, 68099, 99439, 119140, 110385)
(123930, 110723, 114008, 100141, 76483, 68099, 99439, 119140, 110385, 110303)
(110723, 114008, 100141, 76483, 68099, 99439, 119140, 110385, 110303, 91703)
(114008, 100141, 76483, 68099, 99439, 119140, 110385, 110303, 91703, 102593)
(100141, 76483, 68099, 99439, 119140, 110385, 110303, 91703, 102593, 121254)
(76483, 68099, 99439, 119140, 110385, 110303, 91703, 102593, 121254, 114586)
(68099, 99439, 119140, 110385, 110303, 91703, 102593, 121254, 114586, 121777)
(99439, 119140, 110385, 110303, 91703, 102593, 121254, 114586, 121777, 115662)
(119140, 110385, 110303, 91703, 102593, 121254, 114586, 121777, 115662, 123930)
(110385, 110303, 91703, 102593, 121254, 114586, 121777, 115662, 123930, 110723)
(110303, 91703, 102593, 121254, 114586, 121777, 115662, 123930, 110723, 114008)
(91703, 102593, 121254, 114586, 121777, 115662, 123930, 110723, 114008, 100141)
(102593, 121254, 114586, 121777, 115662, 123930, 110723, 114008, 100141, 76483)
(121254, 114586, 121777, 115662, 123930, 110723, 114008, 100141, 76483, 68099)
(114586, 121777, 115662, 123930, 110723, 114008, 100141, 76483, 68099, 99439)
(121777, 115662, 123930, 110723, 114008, 100141, 76483, 68099, 99439, 119140)
(115662, 123930, 110723, 114008, 100141, 76483, 68099, 99439, 119140, 110385)
(123930, 110723, 114008, 100141, 76483, 68099, 99439, 119140, 110385, 110303)
(110723, 114008, 100141, 76483, 68099, 99439, 119140, 110385, 110303, 91703)
(114008, 100141, 76483, 68099, 99439, 119140, 110385, 110303, 91703, 102593)
(100141, 76483, 68099, 99439, 119140, 110385, 110303, 91703, 102593, 121343)
(76483, 68099, 99439, 119140, 110385, 110303, 91703, 102593, 121343, 114791)
(68099, 99439, 119140, 110385, 110303, 91703, 102593, 121343, 114791, 122196)
(99439, 119140, 110385, 110303, 91703, 102593, 121343, 114791, 122196, 116497)
(119140, 110385, 110303, 91703, 102593, 121343, 114791, 122196, 116497, 125599)
(110385, 110303, 91703, 102593, 121343, 114791, 122196, 116497, 125599, 114069)
(110303, 91703, 102593, 121343, 114791, 122196, 116497, 125599, 114069, 120744)
(91703, 102593, 121343, 114791, 122196, 116497, 125599, 114069, 120744, 113593)
(102593, 121343, 114791, 122196, 116497, 125599, 114069, 120744, 113593, 103407)
(121343, 114791, 122196, 116497, 125599, 114069, 120744, 113593, 103407, 121943)
(114791, 122196, 116497, 125599, 114069, 120744, 113593, 103407, 121943, 115938)
(122196, 116497, 125599, 114069, 120744, 113593, 103407, 121943, 115938, 124477)
(116497, 125599, 114069, 120744, 113593, 103407, 121943, 115938, 124477, 111821)
(125599, 114069, 120744, 113593, 103407, 121943, 115938, 124477, 111821, 116196)
(114069, 120744, 113593, 103407, 121943, 115938, 124477, 111821, 116196, 104517)
(120744, 113593, 103407, 121943, 115938, 124477, 111821, 116196, 104517, 120024)
(113593, 103407, 121943, 115938, 124477, 111821, 116196, 104517, 120024, 111062)
(103407, 121943, 115938, 124477, 111821, 116196, 104517, 120024, 111062, 114729)
(121943, 115938, 124477, 111821, 116196, 104517, 120024, 111062, 114729, 101537)
(115938, 124477, 111821, 116196, 104517, 120024, 111062, 114729, 101537, 79252)
(124477, 111821, 116196, 104517, 120024, 111062, 114729, 101537, 79252, 105294)
(111821, 116196, 104517, 120024, 111062, 114729, 101537, 79252, 105294, 86809)
(116196, 104517, 120024, 111062, 114729, 101537, 79252, 105294, 86809, 88720)
(104517, 120024, 111062, 114729, 101537, 79252, 105294, 86809, 88720, 101789)
(120024, 111062, 114729, 101537, 79252, 105294, 86809, 88720, 101789, 75665)
(111062, 114729, 101537, 79252, 105294, 86809, 88720, 101789, 75665, 71584)
(114729, 101537, 79252, 105294, 86809, 88720, 101789, 75665, 71584, 104377)
(101537, 79252, 105294, 86809, 88720, 101789, 75665, 71584, 104377, 80792)
(79252, 105294, 86809, 88720, 101789, 75665, 71584, 104377, 80792, 80813)
(105294, 86809, 88720, 101789, 75665, 71584, 104377, 80792, 80813, 77752)
(86809, 88720, 101789, 75665, 71584, 104377, 80792, 80813, 77752, 116670)
(88720, 101789, 75665, 71584, 104377, 80792, 80813, 77752, 116670, 105465)
(101789, 75665, 71584, 104377, 80792, 80813, 77752, 116670, 105465, 114762)
(75665, 71584, 104377, 80792, 80813, 77752, 116670, 105465, 114762, 101650)
(71584, 104377, 80792, 80813, 77752, 116670, 105465, 114762, 101650, 114291)
(104377, 80792, 80813, 77752, 116670, 105465, 114762, 101650, 114291, 99645)
(80792, 80813, 77752, 116670, 105465, 114762, 101650, 114291, 99645, 75512)
(80813, 77752, 116670, 105465, 114762, 101650, 114291, 99645, 75512, 112233)
(77752, 116670, 105465, 114762, 101650, 114291, 99645, 75512, 112233, 96504)
(116670, 105465, 114762, 101650, 114291, 99645, 75512, 112233, 96504, 96877)
(105465, 114762, 101650, 114291, 99645, 75512, 112233, 96504, 96877, 113976)
(114762, 101650, 114291, 99645, 75512, 112233, 96504, 96877, 113976, 100030)
(101650, 114291, 99645, 75512, 112233, 96504, 96877, 113976, 100030, 110026)
(114291, 99645, 75512, 112233, 96504, 96877, 113976, 100030, 110026, 91153)
(99645, 75512, 112233, 96504, 96877, 113976, 100030, 110026, 91153, 101495)
(75512, 112233, 96504, 96877, 113976, 100030, 110026, 91153, 101495, 113980)
(112233, 96504, 96877, 113976, 100030, 110026, 91153, 101495, 113980, 99061)
(96504, 96877, 113976, 100030, 110026, 91153, 101495, 113980, 99061, 74304)
(96877, 113976, 100030, 110026, 91153, 101495, 113980, 99061, 74304, 109822)
(113976, 100030, 110026, 91153, 101495, 113980, 99061, 74304, 109822, 91723)
(100030, 110026, 91153, 101495, 113980, 99061, 74304, 109822, 91723, 87269)
(110026, 91153, 101495, 113980, 99061, 74304, 109822, 91723, 87269, 94754)
(91153, 101495, 113980, 99061, 74304, 109822, 91723, 87269, 94754, 109762)
(101495, 113980, 99061, 74304, 109822, 91723, 87269, 94754, 109762, 91603)
(113980, 99061, 74304, 109822, 91723, 87269, 94754, 109762, 91603, 96253)
(99061, 74304, 109822, 91723, 87269, 94754, 109762, 91603, 96253, 112760)
(74304, 109822, 91723, 87269, 94754, 109762, 91603, 96253, 112760, 97641)
(109822, 91723, 87269, 94754, 109762, 91603, 96253, 112760, 97641, 107256)
(91723, 87269, 94754, 109762, 91603, 96253, 112760, 97641, 107256, 85613)
(87269, 94754, 109762, 91603, 96253, 112760, 97641, 107256, 85613, 90424)
(94754, 109762, 91603, 96253, 112760, 97641, 107256, 85613, 90424, 100030)
(109762, 91603, 96253, 112760, 97641, 107256, 85613, 90424, 100030, 110026)
(91603, 96253, 112760, 97641, 107256, 85613, 90424, 100030, 110026, 91153)
(96253, 112760, 97641, 107256, 85613, 90424, 100030, 110026, 91153, 101495)
(112760, 97641, 107256, 85613, 90424, 100030, 110026, 91153, 101495, 113980)
(97641, 107256, 85613, 90424, 100030, 110026, 91153, 101495, 113980, 99014)
(107256, 85613, 90424, 100030, 110026, 91153, 101495, 113980, 99014, 74249)
(85613, 90424, 100030, 110026, 91153, 101495, 113980, 99014, 74249, 109672)
(90424, 100030, 110026, 91153, 101495, 113980, 99014, 74249, 109672, 91470)
(100030, 110026, 91153, 101495, 113980, 99014, 74249, 109672, 91470, 86763)
(110026, 91153, 101495, 113980, 99014, 74249, 109672, 91470, 86763, 93738)
(91153, 101495, 113980, 99014, 74249, 109672, 91470, 86763, 93738, 107729)
(101495, 113980, 99014, 74249, 109672, 91470, 86763, 93738, 107729, 87544)
(113980, 99014, 74249, 109672, 91470, 86763, 93738, 107729, 87544, 88174)
(99014, 74249, 109672, 91470, 86763, 93738, 107729, 87544, 88174, 96555)
(74249, 109672, 91470, 86763, 93738, 107729, 87544, 88174, 96555, 113317)
(109672, 91470, 86763, 93738, 107729, 87544, 88174, 96555, 113317, 98722)
(91470, 86763, 93738, 107729, 87544, 88174, 96555, 113317, 98722, 109506)
(86763, 93738, 107729, 87544, 88174, 96555, 113317, 98722, 109506, 90067)
(93738, 107729, 87544, 88174, 96555, 113317, 98722, 109506, 90067, 99325)
(107729, 87544, 88174, 96555, 113317, 98722, 109506, 90067, 99325, 112760)
(87544, 88174, 96555, 113317, 98722, 109506, 90067, 99325, 112760, 97641)
(88174, 96555, 113317, 98722, 109506, 90067, 99325, 112760, 97641, 107256)
(96555, 113317, 98722, 109506, 90067, 99325, 112760, 97641, 107256, 85613)
(113317, 98722, 109506, 90067, 99325, 112760, 97641, 107256, 85613, 90424)
(98722, 109506, 90067, 99325, 112760, 97641, 107256, 85613, 90424, 100030)
(109506, 90067, 99325, 112760, 97641, 107256, 85613, 90424, 100030, 110026)
(90067, 99325, 112760, 97641, 107256, 85613, 90424, 100030, 110026, 91153)
(99325, 112760, 97641, 107256, 85613, 90424, 100030, 110026, 91153, 101495)
(112760, 97641, 107256, 85613, 90424, 100030, 110026, 91153, 101495, 113980)
(97641, 107256, 85613, 90424, 100030, 110026, 91153, 101495, 113980, 99014)
(107256, 85613, 90424, 100030, 110026, 91153, 101495, 113980, 99014, 74249)
(85613, 90424, 100030, 110026, 91153, 101495, 113980, 99014, 74249, 109672)
(90424, 100030, 110026, 91153, 101495, 113980, 99014, 74249, 109672, 91470)
(100030, 110026, 91153, 101495, 113980, 99014, 74249, 109672, 91470, 86763)
(110026, 91153, 101495, 113980, 99014, 74249, 109672, 91470, 86763, 93738)
(91153, 101495, 113980, 99014, 74249, 109672, 91470, 86763, 93738, 107682)
(101495, 113980, 99014, 74249, 109672, 91470, 86763, 93738, 107682, 87489)
(113980, 99014, 74249, 109672, 91470, 86763, 93738, 107682, 87489, 88024)
(99014, 74249, 109672, 91470, 86763, 93738, 107682, 87489, 88024, 96302)
(74249, 109672, 91470, 86763, 93738, 107682, 87489, 88024, 96302, 112811)
(109672, 91470, 86763, 93738, 107682, 87489, 88024, 96302, 112811, 97706)
(91470, 86763, 93738, 107682, 87489, 88024, 96302, 112811, 97706, 107426)
(86763, 93738, 107682, 87489, 88024, 96302, 112811, 97706, 107426, 85953)
(93738, 107682, 87489, 88024, 96302, 112811, 97706, 107426, 85953, 91096)
(107682, 87489, 88024, 96302, 112811, 97706, 107426, 85953, 91096, 96302)
(87489, 88024, 96302, 112811, 97706, 107426, 85953, 91096, 96302, 112811)
(88024, 96302, 112811, 97706, 107426, 85953, 91096, 96302, 112811, 97701)
(96302, 112811, 97706, 107426, 85953, 91096, 96302, 112811, 97701, 107417)
(112811, 97706, 107426, 85953, 91096, 96302, 112811, 97701, 107417, 85898)
(97706, 107426, 85953, 91096, 96302, 112811, 97701, 107417, 85898, 91026)
(107426, 85953, 91096, 96302, 112811, 97701, 107417, 85898, 91026, 96115)
(85953, 91096, 96302, 112811, 97701, 107417, 85898, 91026, 96115, 112445)
(91096, 96302, 112811, 97701, 107417, 85898, 91026, 96115, 112445, 97016)
(96302, 112811, 97701, 107417, 85898, 91026, 96115, 112445, 97016, 106089)
(112811, 97701, 107417, 85898, 91026, 96115, 112445, 97016, 106089, 83279)
(97701, 107417, 85898, 91026, 96115, 112445, 97016, 106089, 83279, 85767)
(107417, 85898, 91026, 96115, 112445, 97016, 106089, 83279, 85767, 90772)
(85898, 91026, 96115, 112445, 97016, 106089, 83279, 85767, 90772, 100753)
(91026, 96115, 112445, 97016, 106089, 83279, 85767, 90772, 100753, 111519)
(96115, 112445, 97016, 106089, 83279, 85767, 90772, 100753, 111519, 94135)
(112445, 97016, 106089, 83279, 85767, 90772, 100753, 111519, 94135, 107410)
(97016, 106089, 83279, 85767, 90772, 100753, 111519, 94135, 107410, 125810)
(106089, 83279, 85767, 90772, 100753, 111519, 94135, 107410, 125810, 122721)
(83279, 85767, 90772, 100753, 111519, 94135, 107410, 125810, 122721, 121646)
(85767, 90772, 100753, 111519, 94135, 107410, 125810, 122721, 121646, 115418)
(90772, 100753, 111519, 94135, 107410, 125810, 122721, 121646, 115418, 123395)
(100753, 111519, 94135, 107410, 125810, 122721, 121646, 115418, 123395, 109656)
(111519, 94135, 107410, 125810, 122721, 121646, 115418, 123395, 109656, 111917)
(94135, 107410, 125810, 122721, 121646, 115418, 123395, 109656, 111917, 95939)
(107410, 125810, 122721, 121646, 115418, 123395, 109656, 111917, 95939, 68099)
(125810, 122721, 121646, 115418, 123395, 109656, 111917, 95939, 68099, 99439)
(122721, 121646, 115418, 123395, 109656, 111917, 95939, 68099, 99439, 119140)
(121646, 115418, 123395, 109656, 111917, 95939, 68099, 99439, 119140, 110385)
(115418, 123395, 109656, 111917, 95939, 68099, 99439, 119140, 110385, 110303)
(123395, 109656, 111917, 95939, 68099, 99439, 119140, 110385, 110303, 91703)
(109656, 111917, 95939, 68099, 99439, 119140, 110385, 110303, 91703, 102593)
(111917, 95939, 68099, 99439, 119140, 110385, 110303, 91703, 102593, 121254)
(95939, 68099, 99439, 119140, 110385, 110303, 91703, 102593, 121254, 114586)
(68099, 99439, 119140, 110385, 110303, 91703, 102593, 121254, 114586, 121777)
(99439, 119140, 110385, 110303, 91703, 102593, 121254, 114586, 121777, 115662)
(119140, 110385, 110303, 91703, 102593, 121254, 114586, 121777, 115662, 123930)
(110385, 110303, 91703, 102593, 121254, 114586, 121777, 115662, 123930, 110723)
(110303, 91703, 102593, 121254, 114586, 121777, 115662, 123930, 110723, 114008)
(91703, 102593, 121254, 114586, 121777, 115662, 123930, 110723, 114008, 100141)
(102593, 121254, 114586, 121777, 115662, 123930, 110723, 114008, 100141, 76483)
(121254, 114586, 121777, 115662, 123930, 110723, 114008, 100141, 76483, 68099)
(114586, 121777, 115662, 123930, 110723, 114008, 100141, 76483, 68099, 99439)
(121777, 115662, 123930, 110723, 114008, 100141, 76483, 68099, 99439, 119140)
(115662, 123930, 110723, 114008, 100141, 76483, 68099, 99439, 119140, 110385)
(123930, 110723, 114008, 100141, 76483, 68099, 99439, 119140, 110385, 110303)
(110723, 114008, 100141, 76483, 68099, 99439, 119140, 110385, 110303, 91703)
(114008, 100141, 76483, 68099, 99439, 119140, 110385, 110303, 91703, 102593)
(100141, 76483, 68099, 99439, 119140, 110385, 110303, 91703, 102593, 121254)
(76483, 68099, 99439, 119140, 110385, 110303, 91703, 102593, 121254, 114586)
(68099, 99439, 119140, 110385, 110303, 91703, 102593, 121254, 114586, 121777)
(99439, 119140, 110385, 110303, 91703, 102593, 121254, 114586, 121777, 115662)
(119140, 110385, 110303, 91703, 102593, 121254, 114586, 121777, 115662, 123930)
(110385, 110303, 91703, 102593, 121254, 114586, 121777, 115662, 123930, 110723)
(110303, 91703, 102593, 121254, 114586, 121777, 115662, 123930, 110723, 114008)
(91703, 102593, 121254, 114586, 121777, 115662, 123930, 110723, 114008, 100141)
(102593, 121254, 114586, 121777, 115662, 123930, 110723, 114008, 100141, 76483)
(121254, 114586, 121777, 115662, 123930, 110723, 114008, 100141, 76483, 68099)
(114586, 121777, 115662, 123930, 110723, 114008, 100141, 76483, 68099, 99439)
(121777, 115662, 123930, 110723, 114008, 100141, 76483, 68099, 99439, 119140)
(115662, 123930, 110723, 114008, 100141, 76483, 68099, 99439, 119140, 110385)
(123930, 110723, 114008, 100141, 76483, 68099, 99439, 119140, 110385, 110303)
(110723, 114008, 100141, 76483, 68099, 99439, 119140, 110385, 110303, 91703)
(114008, 100141, 76483, 68099, 99439, 119140, 110385, 110303, 91703, 102593)
(100141, 76483, 68099, 99439, 119140, 110385, 110303, 91703, 102593, 121254)
(76483, 68099, 99439, 119140, 110385, 110303, 91703, 102593, 121254, 114586)
(68099, 99439, 119140, 110385, 110303, 91703, 102593, 121254, 114586, 121777)
(99439, 119140, 110385, 110303, 91703, 102593, 121254, 114586, 121777, 115662)
(119140, 110385, 110303, 91703, 102593, 121254, 114586, 121777, 115662, 123930)
(110385, 110303, 91703, 102593, 121254, 114586, 121777, 115662, 123930, 110723)
(110303, 91703, 102593, 121254, 114586, 121777, 115662, 123930, 110723, 114008)
(91703, 102593, 121254, 114586, 121777, 115662, 123930, 110723, 114008, 100141)
(102593, 121254, 114586, 121777, 115662, 123930, 110723, 114008, 100141, 76483)
(121254, 114586, 121777, 115662, 123930, 110723, 114008, 100141, 76483, 68099)
(114586, 121777, 115662, 123930, 110723, 114008, 100141, 76483, 68099, 99439)
(121777, 115662, 123930, 110723, 114008, 100141, 76483, 68099, 99439, 119140)
(115662, 123930, 110723, 114008, 100141, 76483, 68099, 99439, 119140, 110385)
(123930, 110723, 114008, 100141, 76483, 68099, 99439, 119140, 110385, 110303)
(110723, 114008, 100141, 76483, 68099, 99439, 119140, 110385, 110303, 91703)
(114008, 100141, 76483, 68099, 99439, 119140, 110385, 110303, 91703, 102593)
(100141, 76483, 68099, 99439, 119140, 110385, 110303, 91703, 102593, 121254)
(76483, 68099, 99439, 119140, 110385, 110303, 91703, 102593, 121254, 114586)
(68099, 99439, 119140, 110385, 110303, 91703, 102593, 121254, 114586, 121777)
(99439, 119140, 110385, 110303, 91703, 102593, 121254, 114586, 121777, 115662)
(119140, 110385, 110303, 91703, 102593, 121254, 114586, 121777, 115662, 123930)
(110385, 110303, 91703, 102593, 121254, 114586, 121777, 115662, 123930, 110723)
(110303, 91703, 102593, 121254, 114586, 121777, 115662, 123930, 110723, 114008)
(91703, 102593, 121254, 114586, 121777, 115662, 123930, 110723, 114008, 100141)
(102593, 121254, 114586, 121777, 115662, 123930, 110723, 114008, 100141, 76483)
(121254, 114586, 121777, 115662, 123930, 110723, 114008, 100141, 76483, 68099)
(114586, 121777, 115662, 123930, 110723, 114008, 100141, 76483, 68099, 99439)
(121777, 115662, 123930, 110723, 114008, 100141, 76483, 68099, 99439, 119140)
(115662, 123930, 110723, 114008, 100141, 76483, 68099, 99439, 119140, 110385)
(123930, 110723, 114008, 100141, 76483, 68099, 99439, 119140, 110385, 110303)
(110723, 114008, 100141, 76483, 68099, 99439, 119140, 110385, 110303, 91703)
(114008, 100141, 76483, 68099, 99439, 119140, 110385, 110303, 91703, 102593)
(100141, 76483, 68099, 99439, 119140, 110385, 110303, 91703, 102593, 121254)
(76483, 68099, 99439, 119140, 110385, 110303, 91703, 102593, 121254, 114586)
(68099, 99439, 119140, 110385, 110303, 91703, 102593, 121254, 114586, 121777)
(99439, 119140, 110385, 110303, 91703, 102593, 121254, 114586, 121777, 115661)
(119140, 110385, 110303, 91703, 102593, 121254, 114586, 121777, 115661, 123928)
(110385, 110303, 91703, 102593, 121254, 114586, 121777, 115661, 123928, 110751)
(110303, 91703, 102593, 121254, 114586, 121777, 115661, 123928, 110751, 114107)
(91703, 102593, 121254, 114586, 121777, 115661, 123928, 110751, 114107, 100321)
(102593, 121254, 114586, 121777, 115661, 123928, 110751, 114107, 100321, 76864)
(121254, 114586, 121777, 115661, 123928, 110751, 114107, 100321, 76864, 68847)
(114586, 121777, 115661, 123928, 110751, 114107, 100321, 76864, 68847, 100955)
(121777, 115661, 123928, 110751, 114107, 100321, 76864, 68847, 100955, 122145)
(115661, 123928, 110751, 114107, 100321, 76864, 68847, 100955, 122145, 116416)
(123928, 110751, 114107, 100321, 76864, 68847, 100955, 122145, 116416, 123375)
(110751, 114107, 100321, 76864, 68847, 100955, 122145, 116416, 123375, 117851)
(114107, 100321, 76864, 68847, 100955, 122145, 116416, 123375, 117851, 122145)
(100321, 76864, 68847, 100955, 122145, 116416, 123375, 117851, 122145, 116416)
(76864, 68847, 100955, 122145, 116416, 123375, 117851, 122145, 116416, 123375)
(68847, 100955, 122145, 116416, 123375, 117851, 122145, 116416, 123375, 117851)
(100955, 122145, 116416, 123375, 117851, 122145, 116416, 123375, 117851, 122145)
(122145, 116416, 123375, 117851, 122145, 116416, 123375, 117851, 122145, 116416)
(116416, 123375, 117851, 122145, 116416, 123375, 117851, 122145, 116416, 123343)
(123375, 117851, 122145, 116416, 123375, 117851, 122145, 116416, 123343, 117744)
(117851, 122145, 116416, 123375, 117851, 122145, 116416, 123343, 117744, 121949)
(122145, 116416, 123375, 117851, 122145, 116416, 123343, 117744, 121949, 116003)
(116416, 123375, 117851, 122145, 116416, 123343, 117744, 121949, 116003, 122572)
(123375, 117851, 122145, 116416, 123343, 117744, 121949, 116003, 122572, 116225)
(117851, 122145, 116416, 123343, 117744, 121949, 116003, 122572, 116225, 118911)
(122145, 116416, 123343, 117744, 121949, 116003, 122572, 116225, 118911, 109943)
(116416, 123343, 117744, 121949, 116003, 122572, 116225, 118911, 109943, 110401)
(123343, 117744, 121949, 116003, 122572, 116225, 118911, 109943, 110401, 91830)
(117744, 121949, 116003, 122572, 116225, 118911, 109943, 110401, 91830, 102885)
(121949, 116003, 122572, 116225, 118911, 109943, 110401, 91830, 102885, 121885)
(116003, 122572, 116225, 118911, 109943, 110401, 91830, 102885, 121885, 115844)
(122572, 116225, 118911, 109943, 110401, 91830, 102885, 121885, 115844, 124293)
(116225, 118911, 109943, 110401, 91830, 102885, 121885, 115844, 124293, 111448)
(118911, 109943, 110401, 91830, 102885, 121885, 115844, 124293, 111448, 115455)
(109943, 110401, 91830, 102885, 121885, 115844, 124293, 111448, 115455, 102992)
(110401, 91830, 102885, 121885, 115844, 124293, 111448, 115455, 102992, 82118)
(91830, 102885, 121885, 115844, 124293, 111448, 115455, 102992, 82118, 79369)
(102885, 121885, 115844, 124293, 111448, 115455, 102992, 82118, 79369, 105584)
(121885, 115844, 124293, 111448, 115455, 102992, 82118, 79369, 105584, 87390)
(115844, 124293, 111448, 115455, 102992, 82118, 79369, 105584, 87390, 89909)
(124293, 111448, 115455, 102992, 82118, 79369, 105584, 87390, 89909, 104080)
(111448, 115455, 102992, 82118, 79369, 105584, 87390, 89909, 104080, 80285)
(115455, 102992, 82118, 79369, 105584, 87390, 89909, 104080, 80285, 80792)
(102992, 82118, 79369, 105584, 87390, 89909, 104080, 80285, 80792, 80814)
(82118, 79369, 105584, 87390, 89909, 104080, 80285, 80792, 80814, 77781)
(79369, 105584, 87390, 89909, 104080, 80285, 80792, 80814, 77781, 116688)
(105584, 87390, 89909, 104080, 80285, 80792, 80814, 77781, 116688, 105501)
(87390, 89909, 104080, 80285, 80792, 80814, 77781, 116688, 105501, 114840)
(89909, 104080, 80285, 80792, 80814, 77781, 116688, 105501, 114840, 100782)
(104080, 80285, 80792, 80814, 77781, 116688, 105501, 114840, 100782, 77781)
(80285, 80792, 80814, 77781, 116688, 105501, 114840, 100782, 77781, 116673)
(80792, 80814, 77781, 116688, 105501, 114840, 100782, 77781, 116673, 105471)
(80814, 77781, 116688, 105501, 114840, 100782, 77781, 116673, 105471, 114807)
(77781, 116688, 105501, 114840, 100782, 77781, 116673, 105471, 114807, 100715)
(116688, 105501, 114840, 100782, 77781, 116673, 105471, 114807, 100715, 77631)
(105501, 114840, 100782, 77781, 116673, 105471, 114807, 100715, 77631, 116484)
(114840, 100782, 77781, 116673, 105471, 114807, 100715, 77631, 116484, 105089)
(100782, 77781, 116673, 105471, 114807, 100715, 77631, 116484, 105089, 114047)
(77781, 116673, 105471, 114807, 100715, 77631, 116484, 105089, 114047, 99166)
(116673, 105471, 114807, 100715, 77631, 116484, 105089, 114047, 99166, 74524)
(105471, 114807, 100715, 77631, 116484, 105089, 114047, 99166, 74524, 125621)
(114807, 100715, 77631, 116484, 105089, 114047, 99166, 74524, 125621, 123363)
(100715, 77631, 116484, 105089, 114047, 99166, 74524, 125621, 123363, 122947)
(77631, 116484, 105089, 114047, 99166, 74524, 125621, 123363, 122947, 117988)
(116484, 105089, 114047, 99166, 74524, 125621, 123363, 122947, 117988, 128581)
(105089, 114047, 99166, 74524, 125621, 123363, 122947, 117988, 128581, 120032)
(114047, 99166, 74524, 125621, 123363, 122947, 117988, 128581, 120032, 116286)
(99166, 74524, 125621, 123363, 122947, 117988, 128581, 120032, 116286, 104693)
(74524, 125621, 123363, 122947, 117988, 128581, 120032, 116286, 104693, 111207)
(125621, 123363, 122947, 117988, 128581, 120032, 116286, 104693, 111207, 124215)
(123363, 122947, 117988, 128581, 120032, 116286, 104693, 111207, 124215, 120564)
(122947, 117988, 128581, 120032, 116286, 104693, 111207, 124215, 120564, 117345)
(117988, 128581, 120032, 116286, 104693, 111207, 124215, 120564, 117345, 106815)
(128581, 120032, 116286, 104693, 111207, 124215, 120564, 117345, 106815, 117470)
(120032, 116286, 104693, 111207, 124215, 120564, 117345, 106815, 117470, 107036)
(116286, 104693, 111207, 124215, 120564, 117345, 106815, 117470, 107036, 126133)
(104693, 111207, 124215, 120564, 117345, 106815, 117470, 107036, 126133, 123363)
(111207, 124215, 120564, 117345, 106815, 117470, 107036, 126133, 123363, 122858)
(124215, 120564, 117345, 106815, 117470, 107036, 126133, 123363, 122858, 117794)
(120564, 117345, 106815, 117470, 107036, 126133, 123363, 122858, 117794, 128193)
(117345, 106815, 117470, 107036, 126133, 123363, 122858, 117794, 128193, 119248)
(106815, 117470, 107036, 126133, 123363, 122858, 117794, 128193, 119248, 114717)
(117470, 107036, 126133, 123363, 122858, 117794, 128193, 119248, 114717, 101513)
(107036, 126133, 123363, 122858, 117794, 128193, 119248, 114717, 101513, 104829)
(126133, 123363, 122858, 117794, 128193, 119248, 114717, 101513, 104829, 111480)
(123363, 122858, 117794, 128193, 119248, 114717, 101513, 104829, 111480, 95039)
(122858, 117794, 128193, 119248, 114717, 101513, 104829, 111480, 95039, 66256)
(117794, 128193, 119248, 114717, 101513, 104829, 111480, 95039, 66256, 95731)
(128193, 119248, 114717, 101513, 104829, 111480, 95039, 66256, 95731, 111615)
(119248, 114717, 101513, 104829, 111480, 95039, 66256, 95731, 111615, 95312)
(114717, 101513, 104829, 111480, 95039, 66256, 95731, 111615, 95312, 110804)
(101513, 104829, 111480, 95039, 66256, 95731, 111615, 95312, 110804, 93729)
(104829, 111480, 95039, 66256, 95731, 111615, 95312, 110804, 93729, 106645)
(111480, 95039, 66256, 95731, 111615, 95312, 110804, 93729, 106645, 103758)
(95039, 66256, 95731, 111615, 95312, 110804, 93729, 106645, 103758, 78570)
(66256, 95731, 111615, 95312, 110804, 93729, 106645, 103758, 78570, 76322)
(95731, 111615, 95312, 110804, 93729, 106645, 103758, 78570, 76322, 68801)
(111615, 95312, 110804, 93729, 106645, 103758, 78570, 76322, 68801, 52696)
(95312, 110804, 93729, 106645, 103758, 78570, 76322, 68801, 52696, 79918)
(110804, 93729, 106645, 103758, 78570, 76322, 68801, 52696, 79918, 75947)
(93729, 106645, 103758, 78570, 76322, 68801, 52696, 79918, 75947, 98742)
(106645, 103758, 78570, 76322, 68801, 52696, 79918, 75947, 98742, 73705)
(103758, 78570, 76322, 68801, 52696, 79918, 75947, 98742, 73705, 62497)
(78570, 76322, 68801, 52696, 79918, 75947, 98742, 73705, 62497, 88212)
(76322, 68801, 52696, 79918, 75947, 98742, 73705, 62497, 88212, 96677)
(68801, 52696, 79918, 75947, 98742, 73705, 62497, 88212, 96677, 113587)
(52696, 79918, 75947, 98742, 73705, 62497, 88212, 96677, 113587, 99308)
(79918, 75947, 98742, 73705, 62497, 88212, 96677, 113587, 99308, 110657)
(75947, 98742, 73705, 62497, 88212, 96677, 113587, 99308, 110657, 92415)
(98742, 73705, 62497, 88212, 96677, 113587, 99308, 110657, 92415, 104039)
(73705, 62497, 88212, 96677, 113587, 99308, 110657, 92415, 104039, 109908)
(62497, 88212, 96677, 113587, 99308, 110657, 92415, 104039, 109908, 91921)
(88212, 96677, 113587, 99308, 110657, 92415, 104039, 109908, 91921, 103071)
(96677, 113587, 99308, 110657, 92415, 104039, 109908, 91921, 103071, 122295)
(113587, 99308, 110657, 92415, 104039, 109908, 91921, 103071, 122295, 116715)
(99308, 110657, 92415, 104039, 109908, 91921, 103071, 122295, 116715, 126004)
(110657, 92415, 104039, 109908, 91921, 103071, 122295, 116715, 126004, 114917)
(92415, 104039, 109908, 91921, 103071, 122295, 116715, 126004, 114917, 122401)
(104039, 109908, 91921, 103071, 122295, 116715, 126004, 114917, 122401, 116928)
(109908, 91921, 103071, 122295, 116715, 126004, 114917, 122401, 116928, 126457)
(91921, 103071, 122295, 116715, 126004, 114917, 122401, 116928, 126457, 115823)
(103071, 122295, 116715, 126004, 114917, 122401, 116928, 126457, 115823, 124220)
(122295, 116715, 126004, 114917, 122401, 116928, 126457, 115823, 124220, 120565)
(116715, 126004, 114917, 122401, 116928, 126457, 115823, 124220, 120565, 117311)
(126004, 114917, 122401, 116928, 126457, 115823, 124220, 120565, 117311, 106700)
(114917, 122401, 116928, 126457, 115823, 124220, 120565, 117311, 106700, 117269)
(122401, 116928, 126457, 115823, 124220, 120565, 117311, 106700, 117269, 106624)
(116928, 126457, 115823, 124220, 120565, 117311, 106700, 117269, 106624, 124286)
(126457, 115823, 124220, 120565, 117311, 106700, 117269, 106624, 124286, 119627)
(115823, 124220, 120565, 117311, 106700, 117269, 106624, 124286, 119627, 115471)
(124220, 120565, 117311, 106700, 117269, 106624, 124286, 119627, 115471, 103067)
(120565, 117311, 106700, 117269, 106624, 124286, 119627, 115471, 103067, 109956)
(117311, 106700, 117269, 106624, 124286, 119627, 115471, 103067, 109956, 92037)
(106700, 117269, 106624, 124286, 119627, 115471, 103067, 109956, 92037, 97149)
(117269, 106624, 124286, 119627, 115471, 103067, 109956, 92037, 97149, 114551)
(106624, 124286, 119627, 115471, 103067, 109956, 92037, 97149, 114551, 101217)
(124286, 119627, 115471, 103067, 109956, 92037, 97149, 114551, 101217, 114495)
(119627, 115471, 103067, 109956, 92037, 97149, 114551, 101217, 114495, 100081)
(115471, 103067, 109956, 92037, 97149, 114551, 101217, 114495, 100081, 119391)
(103067, 109956, 92037, 97149, 114551, 101217, 114495, 100081, 119391, 114957)
(109956, 92037, 97149, 114551, 101217, 114495, 100081, 119391, 114957, 102035)
(92037, 97149, 114551, 101217, 114495, 100081, 119391, 114957, 102035, 124323)
(97149, 114551, 101217, 114495, 100081, 119391, 114957, 102035, 124323, 120724)
(114551, 101217, 114495, 100081, 119391, 114957, 102035, 124323, 120724, 123813)
(101217, 114495, 100081, 119391, 114957, 102035, 124323, 120724, 123813, 119705)
(114495, 100081, 119391, 114957, 102035, 124323, 120724, 123813, 119705, 121771)
(100081, 119391, 114957, 102035, 124323, 120724, 123813, 119705, 121771, 115594)
(119391, 114957, 102035, 124323, 120724, 123813, 119705, 121771, 115594, 113549)
(114957, 102035, 124323, 120724, 123813, 119705, 121771, 115594, 113549, 99181)
(102035, 124323, 120724, 123813, 119705, 121771, 115594, 113549, 99181, 117491)
(124323, 120724, 123813, 119705, 121771, 115594, 113549, 99181, 117491, 111160)
(120724, 123813, 119705, 121771, 115594, 113549, 99181, 117491, 111160, 94445)
(123813, 119705, 121771, 115594, 113549, 99181, 117491, 111160, 94445, 109112)
(119705, 121771, 115594, 113549, 99181, 117491, 111160, 94445, 109112, 90349)
(121771, 115594, 113549, 99181, 117491, 111160, 94445, 109112, 90349, 99887)
(115594, 113549, 99181, 117491, 111160, 94445, 109112, 90349, 99887, 75948)
(113549, 99181, 117491, 111160, 94445, 109112, 90349, 99887, 75948, 98773)
(99181, 117491, 111160, 94445, 109112, 90349, 99887, 75948, 98773, 73728)
(117491, 111160, 94445, 109112, 90349, 99887, 75948, 98773, 73728, 62590)
(111160, 94445, 109112, 90349, 99887, 75948, 98773, 73728, 62590, 99659)
(94445, 109112, 90349, 99887, 75948, 98773, 73728, 62590, 99659, 115471)
(109112, 90349, 99887, 75948, 98773, 73728, 62590, 99659, 115471, 103025)
(90349, 99887, 75948, 98773, 73728, 62590, 99659, 115471, 103025, 109919)
(99887, 75948, 98773, 73728, 62590, 99659, 115471, 103025, 109919, 91943)
(75948, 98773, 73728, 62590, 99659, 115471, 103025, 109919, 91943, 96980)
(98773, 73728, 62590, 99659, 115471, 103025, 109919, 91943, 96980, 114209)
(73728, 62590, 99659, 115471, 103025, 109919, 91943, 96980, 114209, 100543)
(62590, 99659, 115471, 103025, 109919, 91943, 96980, 114209, 100543, 113118)
(99659, 115471, 103025, 109919, 91943, 96980, 114209, 100543, 113118, 97308)
(115471, 103025, 109919, 91943, 96980, 114209, 100543, 113118, 97308, 113845)
(103025, 109919, 91943, 96980, 114209, 100543, 113118, 97308, 113845, 103907)
(109919, 91943, 96980, 114209, 100543, 113118, 97308, 113845, 103907, 122858)
(91943, 96980, 114209, 100543, 113118, 97308, 113845, 103907, 122858, 117794)
(96980, 114209, 100543, 113118, 97308, 113845, 103907, 122858, 117794, 128193)
(114209, 100543, 113118, 97308, 113845, 103907, 122858, 117794, 128193, 119248)
(100543, 113118, 97308, 113845, 103907, 122858, 117794, 128193, 119248, 114717)
(113118, 97308, 113845, 103907, 122858, 117794, 128193, 119248, 114717, 101513)
(97308, 113845, 103907, 122858, 117794, 128193, 119248, 114717, 101513, 104829)
(113845, 103907, 122858, 117794, 128193, 119248, 114717, 101513, 104829, 111480)
(103907, 122858, 117794, 128193, 119248, 114717, 101513, 104829, 111480, 95039)
(122858, 117794, 128193, 119248, 114717, 101513, 104829, 111480, 95039, 66256)
(117794, 128193, 119248, 114717, 101513, 104829, 111480, 95039, 66256, 95731)
(128193, 119248, 114717, 101513, 104829, 111480, 95039, 66256, 95731, 111615)
(119248, 114717, 101513, 104829, 111480, 95039, 66256, 95731, 111615, 95312)
(114717, 101513, 104829, 111480, 95039, 66256, 95731, 111615, 95312, 110804)
(101513, 104829, 111480, 95039, 66256, 95731, 111615, 95312, 110804, 93729)
(104829, 111480, 95039, 66256, 95731, 111615, 95312, 110804, 93729, 106645)
(111480, 95039, 66256, 95731, 111615, 95312, 110804, 93729, 106645, 103758)
(95039, 66256, 95731, 111615, 95312, 110804, 93729, 106645, 103758, 78570)
(66256, 95731, 111615, 95312, 110804, 93729, 106645, 103758, 78570, 76322)
(95731, 111615, 95312, 110804, 93729, 106645, 103758, 78570, 76322, 68801)
(111615, 95312, 110804, 93729, 106645, 103758, 78570, 76322, 68801, 52696)
(95312, 110804, 93729, 106645, 103758, 78570, 76322, 68801, 52696, 79918)
(110804, 93729, 106645, 103758, 78570, 76322, 68801, 52696, 79918, 75947)
(93729, 106645, 103758, 78570, 76322, 68801, 52696, 79918, 75947, 98742)
(106645, 103758, 78570, 76322, 68801, 52696, 79918, 75947, 98742, 73705)
(103758, 78570, 76322, 68801, 52696, 79918, 75947, 98742, 73705, 62497)
(78570, 76322, 68801, 52696, 79918, 75947, 98742, 73705, 62497, 88212)
(76322, 68801, 52696, 79918, 75947, 98742, 73705, 62497, 88212, 96677)
(68801, 52696, 79918, 75947, 98742, 73705, 62497, 88212, 96677, 113587)
(52696, 79918, 75947, 98742, 73705, 62497, 88212, 96677, 113587, 99308)
(79918, 75947, 98742, 73705, 62497, 88212, 96677, 113587, 99308, 110657)
(75947, 98742, 73705, 62497, 88212, 96677, 113587, 99308, 110657, 92415)
(98742, 73705, 62497, 88212, 96677, 113587, 99308, 110657, 92415, 104039)
(73705, 62497, 88212, 96677, 113587, 99308, 110657, 92415, 104039, 109908)
(62497, 88212, 96677, 113587, 99308, 110657, 92415, 104039, 109908, 91921)
(88212, 96677, 113587, 99308, 110657, 92415, 104039, 109908, 91921, 103071)
(96677, 113587, 99308, 110657, 92415, 104039, 109908, 91921, 103071, 122295)
(113587, 99308, 110657, 92415, 104039, 109908, 91921, 103071, 122295, 116715)
(99308, 110657, 92415, 104039, 109908, 91921, 103071, 122295, 116715, 126004)
(110657, 92415, 104039, 109908, 91921, 103071, 122295, 116715, 126004, 114917)
(92415, 104039, 109908, 91921, 103071, 122295, 116715, 126004, 114917, 122401)
(104039, 109908, 91921, 103071, 122295, 116715, 126004, 114917, 122401, 116928)
(109908, 91921, 103071, 122295, 116715, 126004, 114917, 122401, 116928, 126457)
(91921, 103071, 122295, 116715, 126004, 114917, 122401, 116928, 126457, 115823)
(103071, 122295, 116715, 126004, 114917, 122401, 116928, 126457, 115823, 124220)
(122295, 116715, 126004, 114917, 122401, 116928, 126457, 115823, 124220, 120565)
(116715, 126004, 114917, 122401, 116928, 126457, 115823, 124220, 120565, 117311)
(126004, 114917, 122401, 116928, 126457, 115823, 124220, 120565, 117311, 106700)
(114917, 122401, 116928, 126457, 115823, 124220, 120565, 117311, 106700, 117269)
(122401, 116928, 126457, 115823, 124220, 120565, 117311, 106700, 117269, 106624)
(116928, 126457, 115823, 124220, 120565, 117311, 106700, 117269, 106624, 124286)
(126457, 115823, 124220, 120565, 117311, 106700, 117269, 106624, 124286, 119627)
(115823, 124220, 120565, 117311, 106700, 117269, 106624, 124286, 119627, 115471)
(124220, 120565, 117311, 106700, 117269, 106624, 124286, 119627, 115471, 103067)
(120565, 117311, 106700, 117269, 106624, 124286, 119627, 115471, 103067, 109956)
(117311, 106700, 117269, 106624, 124286, 119627, 115471, 103067, 109956, 92037)
(106700, 117269, 106624, 124286, 119627, 115471, 103067, 109956, 92037, 97149)
(117269, 106624, 124286, 119627, 115471, 103067, 109956, 92037, 97149, 114551)
(106624, 124286, 119627, 115471, 103067, 109956, 92037, 97149, 114551, 101217)
(124286, 119627, 115471, 103067, 109956, 92037, 97149, 114551, 101217, 114495)
(119627, 115471, 103067, 109956, 92037, 97149, 114551, 101217, 114495, 100081)
(115471, 103067, 109956, 92037, 97149, 114551, 101217, 114495, 100081, 119391)
(103067, 109956, 92037, 97149, 114551, 101217, 114495, 100081, 119391, 114957)
(109956, 92037, 97149, 114551, 101217, 114495, 100081, 119391, 114957, 102035)
(92037, 97149, 114551, 101217, 114495, 100081, 119391, 114957, 102035, 124323)
(97149, 114551, 101217, 114495, 100081, 119391, 114957, 102035, 124323, 120724)
(114551, 101217, 114495, 100081, 119391, 114957, 102035, 124323, 120724, 123813)
(101217, 114495, 100081, 119391, 114957, 102035, 124323, 120724, 123813, 119705)
(114495, 100081, 119391, 114957, 102035, 124323, 120724, 123813, 119705, 121771)
(100081, 119391, 114957, 102035, 124323, 120724, 123813, 119705, 121771, 115594)
(119391, 114957, 102035, 124323, 120724, 123813, 119705, 121771, 115594, 113549)
(114957, 102035, 124323, 120724, 123813, 119705, 121771, 115594, 113549, 99181)
(102035, 124323, 120724, 123813, 119705, 121771, 115594, 113549, 99181, 117491)
(124323, 120724, 123813, 119705, 121771, 115594, 113549, 99181, 117491, 111160)
(120724, 123813, 119705, 121771, 115594, 113549, 99181, 117491, 111160, 94445)
(123813, 119705, 121771, 115594, 113549, 99181, 117491, 111160, 94445, 109112)
(119705, 121771, 115594, 113549, 99181, 117491, 111160, 94445, 109112, 90349)
(121771, 115594, 113549, 99181, 117491, 111160, 94445, 109112, 90349, 99887)
(115594, 113549, 99181, 117491, 111160, 94445, 109112, 90349, 99887, 75948)
(113549, 99181, 117491, 111160, 94445, 109112, 90349, 99887, 75948, 98773)
(99181, 117491, 111160, 94445, 109112, 90349, 99887, 75948, 98773, 73728)
(117491, 111160, 94445, 109112, 90349, 99887, 75948, 98773, 73728, 62590)
(111160, 94445, 109112, 90349, 99887, 75948, 98773, 73728, 62590, 99659)
(94445, 109112, 90349, 99887, 75948, 98773, 73728, 62590, 99659, 115471)
(109112, 90349, 99887, 75948, 98773, 73728, 62590, 99659, 115471, 103025)
(90349, 99887, 75948, 98773, 73728, 62590, 99659, 115471, 103025, 109919)
(99887, 75948, 98773, 73728, 62590, 99659, 115471, 103025, 109919, 91943)
(75948, 98773, 73728, 62590, 99659, 115471, 103025, 109919, 91943, 96980)
(98773, 73728, 62590, 99659, 115471, 103025, 109919, 91943, 96980, 114209)
(73728, 62590, 99659, 115471, 103025, 109919, 91943, 96980, 114209, 100543)
(62590, 99659, 115471, 103025, 109919, 91943, 96980, 114209, 100543, 113118)
(99659, 115471, 103025, 109919, 91943, 96980, 114209, 100543, 113118, 97308)
(115471, 103025, 109919, 91943, 96980, 114209, 100543, 113118, 97308, 113845)
(103025, 109919, 91943, 96980, 114209, 100543, 113118, 97308, 113845, 103907)
(109919, 91943, 96980, 114209, 100543, 113118, 97308, 113845, 103907, 122858)
(91943, 96980, 114209, 100543, 113118, 97308, 113845, 103907, 122858, 117794)
(96980, 114209, 100543, 113118, 97308, 113845, 103907, 122858, 117794, 128193)
(114209, 100543, 113118, 97308, 113845, 103907, 122858, 117794, 128193, 119248)
(100543, 113118, 97308, 113845, 103907, 122858, 117794, 128193, 119248, 114717)
(113118, 97308, 113845, 103907, 122858, 117794, 128193, 119248, 114717, 101513)
(97308, 113845, 103907, 122858, 117794, 128193, 119248, 114717, 101513, 104829)
(113845, 103907, 122858, 117794, 128193, 119248, 114717, 101513, 104829, 111480)
(103907, 122858, 117794, 128193, 119248, 114717, 101513, 104829, 111480, 95039)
(122858, 117794, 128193, 119248, 114717, 101513, 104829, 111480, 95039, 66256)
(117794, 128193, 119248, 114717, 101513, 104829, 111480, 95039, 66256, 95731)
(128193, 119248, 114717, 101513, 104829, 111480, 95039, 66256, 95731, 111615)
(119248, 114717, 101513, 104829, 111480, 95039, 66256, 95731, 111615, 95312)
(114717, 101513, 104829, 111480, 95039, 66256, 95731, 111615, 95312, 110804)
(101513, 104829, 111480, 95039, 66256, 95731, 111615, 95312, 110804, 93729)
(104829, 111480, 95039, 66256, 95731, 111615, 95312, 110804, 93729, 106645)
(111480, 95039, 66256, 95731, 111615, 95312, 110804, 93729, 106645, 103758)
(95039, 66256, 95731, 111615, 95312, 110804, 93729, 106645, 103758, 78570)
(66256, 95731, 111615, 95312, 110804, 93729, 106645, 103758, 78570, 76369)
(95731, 111615, 95312, 110804, 93729, 106645, 103758, 78570, 76369, 68856)
(111615, 95312, 110804, 93729, 106645, 103758, 78570, 76369, 68856, 52846)
(95312, 110804, 93729, 106645, 103758, 78570, 76369, 68856, 52846, 80188)
(110804, 93729, 106645, 103758, 78570, 76369, 68856, 52846, 80188, 76533)
(93729, 106645, 103758, 78570, 76369, 68856, 52846, 80188, 76533, 99897)
(106645, 103758, 78570, 76369, 68856, 52846, 80188, 76533, 99897, 75972)
(103758, 78570, 76369, 68856, 52846, 80188, 76533, 99897, 75972, 67077)
(78570, 76369, 68856, 52846, 80188, 76533, 99897, 75972, 67077, 97395)
(76369, 68856, 52846, 80188, 76533, 99897, 75972, 67077, 97395, 115052)
(68856, 52846, 80188, 76533, 99897, 75972, 67077, 97395, 115052, 102209)
(52846, 80188, 76533, 99897, 75972, 67077, 97395, 115052, 102209, 116479)
(80188, 76533, 99897, 75972, 67077, 97395, 115052, 102209, 116479, 104039)
(76533, 99897, 75972, 67077, 97395, 115052, 102209, 116479, 104039, 109908)
(99897, 75972, 67077, 97395, 115052, 102209, 116479, 104039, 109908, 91921)
(75972, 67077, 97395, 115052, 102209, 116479, 104039, 109908, 91921, 103071)
(67077, 97395, 115052, 102209, 116479, 104039, 109908, 91921, 103071, 122295)
(97395, 115052, 102209, 116479, 104039, 109908, 91921, 103071, 122295, 116715)
(115052, 102209, 116479, 104039, 109908, 91921, 103071, 122295, 116715, 126004)
(102209, 116479, 104039, 109908, 91921, 103071, 122295, 116715, 126004, 114917)
(116479, 104039, 109908, 91921, 103071, 122295, 116715, 126004, 114917, 122401)
(104039, 109908, 91921, 103071, 122295, 116715, 126004, 114917, 122401, 116928)
(109908, 91921, 103071, 122295, 116715, 126004, 114917, 122401, 116928, 126457)
(91921, 103071, 122295, 116715, 126004, 114917, 122401, 116928, 126457, 115823)
(103071, 122295, 116715, 126004, 114917, 122401, 116928, 126457, 115823, 124220)
(122295, 116715, 126004, 114917, 122401, 116928, 126457, 115823, 124220, 120565)
(116715, 126004, 114917, 122401, 116928, 126457, 115823, 124220, 120565, 117311)
(126004, 114917, 122401, 116928, 126457, 115823, 124220, 120565, 117311, 106747)
(114917, 122401, 116928, 126457, 115823, 124220, 120565, 117311, 106747, 117324)
(122401, 116928, 126457, 115823, 124220, 120565, 117311, 106747, 117324, 106774)
(116928, 126457, 115823, 124220, 120565, 117311, 106747, 117324, 106774, 124581)
(126457, 115823, 124220, 120565, 117311, 106747, 117324, 106774, 124581, 120263)
(115823, 124220, 120565, 117311, 106747, 117324, 106774, 124581, 120263, 116700)
(124220, 120565, 117311, 106747, 117324, 106774, 124581, 120263, 116700, 105525)
(120565, 117311, 106747, 117324, 106774, 124581, 120263, 116700, 105525, 114909)
(117311, 106747, 117324, 106774, 124581, 120263, 116700, 105525, 114909, 101943)
(106747, 117324, 106774, 124581, 120263, 116700, 105525, 114909, 101943, 116961)
(117324, 106774, 124581, 120263, 116700, 105525, 114909, 101943, 116961, 106047)
(106774, 124581, 120263, 116700, 105525, 114909, 101943, 116961, 106047, 124145)
(124581, 120263, 116700, 105525, 114909, 101943, 116961, 106047, 124145, 119391)
(120263, 116700, 105525, 114909, 101943, 116961, 106047, 124145, 119391, 114957)
(116700, 105525, 114909, 101943, 116961, 106047, 124145, 119391, 114957, 102035)
(105525, 114909, 101943, 116961, 106047, 124145, 119391, 114957, 102035, 124323)
(114909, 101943, 116961, 106047, 124145, 119391, 114957, 102035, 124323, 120724)
(101943, 116961, 106047, 124145, 119391, 114957, 102035, 124323, 120724, 123813)
(116961, 106047, 124145, 119391, 114957, 102035, 124323, 120724, 123813, 119705)
(106047, 124145, 119391, 114957, 102035, 124323, 120724, 123813, 119705, 121771)
(124145, 119391, 114957, 102035, 124323, 120724, 123813, 119705, 121771, 115594)
(119391, 114957, 102035, 124323, 120724, 123813, 119705, 121771, 115594, 113549)
(114957, 102035, 124323, 120724, 123813, 119705, 121771, 115594, 113549, 99181)
(102035, 124323, 120724, 123813, 119705, 121771, 115594, 113549, 99181, 117491)
(124323, 120724, 123813, 119705, 121771, 115594, 113549, 99181, 117491, 111160)
(120724, 123813, 119705, 121771, 115594, 113549, 99181, 117491, 111160, 94445)
(123813, 119705, 121771, 115594, 113549, 99181, 117491, 111160, 94445, 109112)
(119705, 121771, 115594, 113549, 99181, 117491, 111160, 94445, 109112, 90349)
(121771, 115594, 113549, 99181, 117491, 111160, 94445, 109112, 90349, 99887)
(115594, 113549, 99181, 117491, 111160, 94445, 109112, 90349, 99887, 75995)
(113549, 99181, 117491, 111160, 94445, 109112, 90349, 99887, 75995, 98828)
(99181, 117491, 111160, 94445, 109112, 90349, 99887, 75995, 98828, 73878)
(117491, 111160, 94445, 109112, 90349, 99887, 75995, 98828, 73878, 62885)
(111160, 94445, 109112, 90349, 99887, 75995, 98828, 73878, 62885, 100253)
(94445, 109112, 90349, 99887, 75995, 98828, 73878, 62885, 100253, 116663)
(109112, 90349, 99887, 75995, 98828, 73878, 62885, 100253, 116663, 105404)
(90349, 99887, 75995, 98828, 73878, 62885, 100253, 116663, 105404, 114677)
(99887, 75995, 98828, 73878, 62885, 100253, 116663, 105404, 114677, 101469)
(75995, 98828, 73878, 62885, 100253, 116663, 105404, 114677, 101469, 116023)
(98828, 73878, 62885, 100253, 116663, 105404, 114677, 101469, 116023, 104161)
(73878, 62885, 100253, 116663, 105404, 114677, 101469, 116023, 104161, 120383)
(62885, 100253, 116663, 105404, 114677, 101469, 116023, 104161, 120383, 111857)
(100253, 116663, 105404, 114677, 101469, 116023, 104161, 120383, 111857, 99935)
(116663, 105404, 114677, 101469, 116023, 104161, 120383, 111857, 99935, 114957)
(105404, 114677, 101469, 116023, 104161, 120383, 111857, 99935, 114957, 102035)
(114677, 101469, 116023, 104161, 120383, 111857, 99935, 114957, 102035, 124323)
(101469, 116023, 104161, 120383, 111857, 99935, 114957, 102035, 124323, 120724)
(116023, 104161, 120383, 111857, 99935, 114957, 102035, 124323, 120724, 123813)
(104161, 120383, 111857, 99935, 114957, 102035, 124323, 120724, 123813, 119705)
(120383, 111857, 99935, 114957, 102035, 124323, 120724, 123813, 119705, 121771)
(111857, 99935, 114957, 102035, 124323, 120724, 123813, 119705, 121771, 115625)
(99935, 114957, 102035, 124323, 120724, 123813, 119705, 121771, 115625, 113528)
(114957, 102035, 124323, 120724, 123813, 119705, 121771, 115625, 113528, 99181)
(102035, 124323, 120724, 123813, 119705, 121771, 115625, 113528, 99181, 117544)
(124323, 120724, 123813, 119705, 121771, 115625, 113528, 99181, 117544, 111263)
(120724, 123813, 119705, 121771, 115625, 113528, 99181, 117544, 111263, 94608)
(123813, 119705, 121771, 115625, 113528, 99181, 117544, 111263, 94608, 109469)
(119705, 121771, 115625, 113528, 99181, 117544, 111263, 94608, 109469, 91063)
(121771, 115625, 113528, 99181, 117544, 111263, 94608, 109469, 91063, 101351)
(115625, 113528, 99181, 117544, 111263, 94608, 109469, 91063, 101351, 78923)
(113528, 99181, 117544, 111263, 94608, 109469, 91063, 101351, 78923, 72959)
(99181, 117544, 111263, 94608, 109469, 91063, 101351, 78923, 72959, 107140)
(117544, 111263, 94608, 109469, 91063, 101351, 78923, 72959, 107140, 86401)
(111263, 94608, 109469, 91063, 101351, 78923, 72959, 107140, 86401, 93055)
(94608, 109469, 91063, 101351, 78923, 72959, 107140, 86401, 93055, 105292)
(109469, 91063, 101351, 78923, 72959, 107140, 86401, 93055, 105292, 126741)
(91063, 101351, 78923, 72959, 107140, 86401, 93055, 105292, 126741, 125597)
(101351, 78923, 72959, 107140, 86401, 93055, 105292, 126741, 125597, 123319)
(78923, 72959, 107140, 86401, 93055, 105292, 126741, 125597, 123319, 122813)
(72959, 107140, 86401, 93055, 105292, 126741, 125597, 123319, 122813, 117747)
(107140, 86401, 93055, 105292, 126741, 125597, 123319, 122813, 117747, 128099)
(86401, 93055, 105292, 126741, 125597, 123319, 122813, 117747, 128099, 119060)
(93055, 105292, 126741, 125597, 123319, 122813, 117747, 128099, 119060, 114295)
(105292, 126741, 125597, 123319, 122813, 117747, 128099, 119060, 114295, 100711)
(126741, 125597, 123319, 122813, 117747, 128099, 119060, 114295, 100711, 121675)
(125597, 123319, 122813, 117747, 128099, 119060, 114295, 100711, 121675, 115475)
(123319, 122813, 117747, 128099, 119060, 114295, 100711, 121675, 115475, 113311)
(122813, 117747, 128099, 119060, 114295, 100711, 121675, 115475, 113311, 98747)
(117747, 128099, 119060, 114295, 100711, 121675, 115475, 113311, 98747, 116703)
(128099, 119060, 114295, 100711, 121675, 115475, 113311, 98747, 116703, 109636)
(119060, 114295, 100711, 121675, 115475, 113311, 98747, 116703, 109636, 91393)
(114295, 100711, 121675, 115475, 113311, 98747, 116703, 109636, 91393, 103039)
(100711, 121675, 115475, 113311, 98747, 116703, 109636, 91393, 103039, 125304)
(121675, 115475, 113311, 98747, 116703, 109636, 91393, 103039, 125304, 126829)
(115475, 113311, 98747, 116703, 109636, 91393, 103039, 125304, 126829, 125736)
(113311, 98747, 116703, 109636, 91393, 103039, 125304, 126829, 125736, 123551)
(98747, 116703, 109636, 91393, 103039, 125304, 126829, 125736, 123551, 123319)
(116703, 109636, 91393, 103039, 125304, 126829, 125736, 123551, 123319, 118763)
(109636, 91393, 103039, 125304, 126829, 125736, 123551, 123319, 118763, 130084)
(91393, 103039, 125304, 126829, 125736, 123551, 123319, 118763, 130084, 123077)
(103039, 125304, 126829, 125736, 123551, 123319, 118763, 130084, 123077, 122365)
(125304, 126829, 125736, 123551, 123319, 118763, 130084, 123077, 122365, 116855)
(126829, 125736, 123551, 123319, 118763, 130084, 123077, 122365, 116855, 108861)
(125736, 123551, 123319, 118763, 130084, 123077, 122365, 116855, 108861, 89843)
(123551, 123319, 118763, 130084, 123077, 122365, 116855, 108861, 89843, 99939)
(123319, 118763, 130084, 123077, 122365, 116855, 108861, 89843, 99939, 119060)
(118763, 130084, 123077, 122365, 116855, 108861, 89843, 99939, 119060, 114295)
(130084, 123077, 122365, 116855, 108861, 89843, 99939, 119060, 114295, 100711)
(123077, 122365, 116855, 108861, 89843, 99939, 119060, 114295, 100711, 121675)
(122365, 116855, 108861, 89843, 99939, 119060, 114295, 100711, 121675, 115472)
(116855, 108861, 89843, 99939, 119060, 114295, 100711, 121675, 115472, 113309)
(108861, 89843, 99939, 119060, 114295, 100711, 121675, 115472, 113309, 98696)
(89843, 99939, 119060, 114295, 100711, 121675, 115472, 113309, 98696, 116575)
(99939, 119060, 114295, 100711, 121675, 115472, 113309, 98696, 116575, 109367)
(119060, 114295, 100711, 121675, 115472, 113309, 98696, 116575, 109367, 90786)
(114295, 100711, 121675, 115472, 113309, 98696, 116575, 109367, 90786, 101826)
(100711, 121675, 115472, 113309, 98696, 116575, 109367, 90786, 101826, 122877)
(121675, 115472, 113309, 98696, 116575, 109367, 90786, 101826, 122877, 121933)
